100000
100000
1000
1000
1
1001
2
50 50 1:00:00
90050 50 3:00:00
1002
2
550 50 1:00:00
90550 50 3:00:00
1003
2
50 550 1:00:00
90050 550 3:00:00
1004
2
90050 310 1:00:00
50 310 2:00:00
1005
2
50 50 4:00:00
90050 50 6:00:00
1006
2
550 50 4:00:00
90550 50 6:00:00
1007
2
50 550 4:00:00
90050 550 6:00:00
1008
2
90050 310 4:00:00
50 310 5:00:00
1009
2
50 50 7:00:00
90050 50 9:00:00
1010
2
550 50 7:00:00
90550 50 9:00:00
1011
2
50 550 7:00:00
90050 550 9:00:00
1012
2
90050 310 7:00:00
50 310 8:00:00
1013
2
50 50 10:00:00
90050 50 12:00:00
1014
2
550 50 10:00:00
90550 50 12:00:00
1015
2
50 550 10:00:00
90050 550 12:00:00
1016
2
90050 310 10:00:00
50 310 11:00:00
1017
2
50 50 13:00:00
90050 50 15:00:00
1018
2
550 50 13:00:00
90550 50 15:00:00
1019
2
50 550 13:00:00
90050 550 15:00:00
1020
2
90050 310 13:00:00
50 310 14:00:00
1021
2
50 50 16:00:00
90050 50 18:00:00
1022
2
550 50 16:00:00
90550 50 18:00:00
1023
2
50 550 16:00:00
90050 550 18:00:00
1024
2
90050 310 16:00:00
50 310 17:00:00
1025
2
50 50 19:00:00
90050 50 21:00:00
1026
2
550 50 19:00:00
90550 50 21:00:00
1027
2
50 550 19:00:00
90050 550 21:00:00
1028
2
90050 310 19:00:00
50 310 20:00:00
1029
2
50 1050 2:00:00
90050 1050 4:00:00
1030
2
550 1050 2:00:00
90550 1050 4:00:00
1031
2
50 1550 2:00:00
90050 1550 4:00:00
1032
2
90050 1310 2:00:00
50 1310 3:00:00
1033
2
50 1050 5:00:00
90050 1050 7:00:00
1034
2
550 1050 5:00:00
90550 1050 7:00:00
1035
2
50 1550 5:00:00
90050 1550 7:00:00
1036
2
90050 1310 5:00:00
50 1310 6:00:00
1037
2
50 1050 8:00:00
90050 1050 10:00:00
1038
2
550 1050 8:00:00
90550 1050 10:00:00
1039
2
50 1550 8:00:00
90050 1550 10:00:00
1040
2
90050 1310 8:00:00
50 1310 9:00:00
1041
2
50 1050 11:00:00
90050 1050 13:00:00
1042
2
550 1050 11:00:00
90550 1050 13:00:00
1043
2
50 1550 11:00:00
90050 1550 13:00:00
1044
2
90050 1310 11:00:00
50 1310 12:00:00
1045
2
50 1050 14:00:00
90050 1050 16:00:00
1046
2
550 1050 14:00:00
90550 1050 16:00:00
1047
2
50 1550 14:00:00
90050 1550 16:00:00
1048
2
90050 1310 14:00:00
50 1310 15:00:00
1049
2
50 1050 17:00:00
90050 1050 19:00:00
1050
2
550 1050 17:00:00
90550 1050 19:00:00
1051
2
50 1550 17:00:00
90050 1550 19:00:00
1052
2
90050 1310 17:00:00
50 1310 18:00:00
1053
2
50 31050 3:00:00
90050 31050 5:00:00
1054
2
550 31050 3:00:00
90550 31050 5:00:00
1055
2
50 31550 3:00:00
90050 31550 5:00:00
1056
2
90050 31310 3:00:00
50 31310 4:00:00
1057
2
50 31050 6:00:00
90050 31050 8:00:00
1058
2
550 31050 6:00:00
90550 31050 8:00:00
1059
2
50 31550 6:00:00
90050 31550 8:00:00
1060
2
90050 31310 6:00:00
50 31310 7:00:00
1061
2
50 31050 9:00:00
90050 31050 11:00:00
1062
2
550 31050 9:00:00
90550 31050 11:00:00
1063
2
50 31550 9:00:00
90050 31550 11:00:00
1064
2
90050 31310 9:00:00
50 31310 10:00:00
1065
2
50 31050 12:00:00
90050 31050 14:00:00
1066
2
550 31050 12:00:00
90550 31050 14:00:00
1067
2
50 31550 12:00:00
90050 31550 14:00:00
1068
2
90050 31310 12:00:00
50 31310 13:00:00
1069
2
50 31050 15:00:00
90050 31050 17:00:00
1070
2
550 31050 15:00:00
90550 31050 17:00:00
1071
2
50 31550 15:00:00
90050 31550 17:00:00
1072
2
90050 31310 15:00:00
50 31310 16:00:00
1073
2
50 31050 18:00:00
90050 31050 20:00:00
1074
2
550 31050 18:00:00
90550 31050 20:00:00
1075
2
50 31550 18:00:00
90050 31550 20:00:00
1076
2
90050 31310 18:00:00
50 31310 19:00:00
1077
2
50 31050 21:00:00
90050 31050 23:00:00
1078
2
550 31050 21:00:00
90550 31050 23:00:00
1079
2
50 31550 21:00:00
90050 31550 23:00:00
1080
2
90050 31310 21:00:00
50 31310 22:00:00
1081
2
50 81050 4:00:00
90050 81050 6:00:00
1082
2
550 81050 4:00:00
90550 81050 6:00:00
1083
2
50 81550 4:00:00
90050 81550 6:00:00
1084
2
90050 81310 4:00:00
50 81310 5:00:00
1085
2
50 81050 7:00:00
90050 81050 9:00:00
1086
2
550 81050 7:00:00
90550 81050 9:00:00
1087
2
50 81550 7:00:00
90050 81550 9:00:00
1088
2
90050 81310 7:00:00
50 81310 8:00:00
1089
2
50 81050 10:00:00
90050 81050 12:00:00
1090
2
550 81050 10:00:00
90550 81050 12:00:00
1091
2
50 81550 10:00:00
90050 81550 12:00:00
1092
2
90050 81310 10:00:00
50 81310 11:00:00
1093
2
50 81050 13:00:00
90050 81050 15:00:00
1094
2
550 81050 13:00:00
90550 81050 15:00:00
1095
2
50 81550 13:00:00
90050 81550 15:00:00
1096
2
90050 81310 13:00:00
50 81310 14:00:00
1097
2
50 81050 16:00:00
90050 81050 18:00:00
1098
2
550 81050 16:00:00
90550 81050 18:00:00
1099
2
50 81550 16:00:00
90050 81550 18:00:00
1100
2
90050 81310 16:00:00
50 81310 17:00:00
1101
2
50 81050 19:00:00
90050 81050 21:00:00
1102
2
550 81050 19:00:00
90550 81050 21:00:00
1103
2
50 81550 19:00:00
90050 81550 21:00:00
1104
2
90050 81310 19:00:00
50 81310 20:00:00
