100000
100000
1000
1000
1
1001
2
50 50 1:00:00
90050 50 3:00:00
1002
2
550 50 1:00:00
90550 50 3:00:00
1003
2
50 550 1:00:00
90050 550 3:00:00
1004
2
90050 310 1:00:00
50 310 2:00:00
1005
2
50 50 4:00:00
90050 50 6:00:00
1006
2
550 50 4:00:00
90550 50 6:00:00
1007
2
50 550 4:00:00
90050 550 6:00:00
1008
2
90050 310 4:00:00
50 310 5:00:00
1009
2
50 50 7:00:00
90050 50 9:00:00
1010
2
550 50 7:00:00
90550 50 9:00:00
1011
2
50 550 7:00:00
90050 550 9:00:00
1012
2
90050 310 7:00:00
50 310 8:00:00
1013
2
50 50 10:00:00
90050 50 12:00:00
1014
2
550 50 10:00:00
90550 50 12:00:00
1015
2
50 550 10:00:00
90050 550 12:00:00
1016
2
90050 310 10:00:00
50 310 11:00:00
1017
2
50 50 13:00:00
90050 50 15:00:00
1018
2
550 50 13:00:00
90550 50 15:00:00
1019
2
50 550 13:00:00
90050 550 15:00:00
1020
2
90050 310 13:00:00
50 310 14:00:00
1021
2
50 50 16:00:00
90050 50 18:00:00
1022
2
550 50 16:00:00
90550 50 18:00:00
1023
2
50 550 16:00:00
90050 550 18:00:00
1024
2
90050 310 16:00:00
50 310 17:00:00
1025
2
50 50 19:00:00
90050 50 21:00:00
1026
2
550 50 19:00:00
90550 50 21:00:00
1027
2
50 550 19:00:00
90050 550 21:00:00
1028
2
90050 310 19:00:00
50 310 20:00:00
1029
2
50 50 22:00:00
90050 50 24:00:00
1030
2
550 50 22:00:00
90550 50 24:00:00
1031
2
50 550 22:00:00
90050 550 24:00:00
1032
2
90050 310 22:00:00
50 310 23:00:00
